color_camera:
  fx: 912.782470703125
  fy: 912.799072265625
  cx: 641.11669921875
  cy: 370.3597106933594

depth_camera:
  fx: 636.6630249023438
  fy: 636.6630249023438
  cx: 647.2459716796875
  cy: 355.68048095703125

model:
  weight: None
  conf: 0.5
  height: 720
  width: 1280
  
